Integer
Random
size : 	1000	2000	3000	4000	5000
BubbleSort	5.071710	9.639300	20.977530	37.163160	63.287750	
SelectionSort	5.858390	14.173900	29.518760	52.712510	85.301130	
LinearInsertionSort	1.793150	3.736600	7.533270	14.152980	22.778170	
BinaryInsertionSort	1.979180	3.618370	7.380990	13.647050	22.006470	
ShellSort	0.708670	1.249730	2.722250	4.702650	7.296290	
HeapSort	0.373500	0.239140	0.312720	0.442480	0.582000	
RecursiveMergeSort	1.040590	0.211050	0.308880	0.442510	0.554610	
IterativeMergeSort	1.012870	0.307210	0.295830	0.404850	0.544380	
NaturalMergeSort	0.799510	0.315470	0.285170	0.397210	0.502190	
RecursiveQuickSort	0.801060	0.167220	0.236190	0.321250	0.426440	
MedianOfThreeQuickSort	0.984550	0.174970	0.245220	0.335560	0.440110	
ArraysSort	0.900700	0.633230	0.333100	0.428290	0.589250	
CollectionsSort	0.781690	0.565830	0.317710	0.406660	0.556370	


Increase
size : 	1000	2000	3000	4000	5000
BubbleSort	1.238870	2.815250	6.134510	11.215140	17.333880	
SelectionSort	3.481180	9.060100	19.172410	34.569320	52.664330	
LinearInsertionSort	0.015360	0.005250	0.007170	0.009980	0.012020	
BinaryInsertionSort	0.028510	0.039130	0.056370	0.077280	0.097410	
ShellSort	0.014830	0.020050	0.025670	0.034190	0.042510	
HeapSort	0.195480	0.195550	0.273600	0.374350	0.470310	
RecursiveMergeSort	0.092550	0.117760	0.173720	0.237500	0.292540	
IterativeMergeSort	0.674220	0.103150	0.135830	0.185770	0.238890	
NaturalMergeSort	0.071140	0.022490	0.017880	0.018360	0.021310	
RecursiveQuickSort	0.038610	0.043560	0.063420	0.088450	0.107580	
MedianOfThreeQuickSort	0.058620	0.048350	0.069400	0.094630	0.117540	
ArraysSort	0.019890	0.004460	0.005530	0.007890	0.006230	
CollectionsSort	0.018540	0.004520	0.004690	0.006240	0.006580	


Decrease
size : 	1000	2000	3000	4000	5000
BubbleSort	1.808780	5.327260	11.683690	22.025190	33.730730	
SelectionSort	3.073050	8.982330	20.341980	36.967210	54.620370	
LinearInsertionSort	2.546720	7.157020	15.636330	30.354840	44.400000	
BinaryInsertionSort	2.330450	6.569960	14.787450	28.368250	41.218800	
ShellSort	0.766200	2.166900	4.873050	9.032490	13.471270	
HeapSort	0.168800	0.164030	0.265850	0.364310	0.448110	
RecursiveMergeSort	0.077260	0.110780	0.179210	0.253140	0.300660	
IterativeMergeSort	0.245340	0.079370	0.115520	0.162410	0.201370	
NaturalMergeSort	0.464120	0.146850	0.141690	0.193550	0.231640	
RecursiveQuickSort	0.033120	0.046800	0.071850	0.102430	0.120100	
MedianOfThreeQuickSort	0.044540	0.064030	0.096200	0.142600	0.160300	
ArraysSort	0.160650	0.116510	0.119790	0.176600	0.186860	
CollectionsSort	0.121070	0.094870	0.113490	0.159240	0.177030	




Double
Random
size : 	1000	2000	3000	4000	5000
BubbleSort	3.382670	5.508560	12.659000	22.933070	37.051420	
SelectionSort	4.045340	8.226330	18.801150	34.371880	56.217380	
LinearInsertionSort	2.049460	3.893550	8.852740	15.762490	25.576910	
BinaryInsertionSort	2.778420	3.578320	8.071420	14.519250	23.464710	
ShellSort	0.711390	1.227980	2.619610	4.568920	6.970990	
HeapSort	0.307920	0.239350	0.370680	0.511950	0.670550	
RecursiveMergeSort	0.400460	0.222770	0.354970	0.490860	0.629970	
IterativeMergeSort	0.268240	0.197760	0.304120	0.426090	0.559830	
NaturalMergeSort	0.355080	0.198030	0.302560	0.411060	0.528150	
RecursiveQuickSort	0.579500	0.193570	0.302480	0.428190	0.543130	
MedianOfThreeQuickSort	0.535420	0.184210	0.287790	0.388730	0.507890	
ArraysSort	0.560370	0.236130	0.447480	0.598570	0.616780	
CollectionsSort	0.399930	0.219660	0.378290	0.535630	0.594210	


Increase
size : 	1000	2000	3000	4000	5000
BubbleSort	0.830960	2.755260	5.818890	10.327070	16.482530	
SelectionSort	2.114490	8.141300	17.118970	30.565440	47.982280	
LinearInsertionSort	0.003010	0.005100	0.007020	0.009540	0.011730	
BinaryInsertionSort	0.017810	0.033280	0.050070	0.068860	0.090680	
ShellSort	0.008830	0.014650	0.021160	0.027270	0.034390	
HeapSort	0.107470	0.201020	0.294850	0.400340	0.513910	
RecursiveMergeSort	0.141560	0.115950	0.171630	0.232560	0.301030	
IterativeMergeSort	0.043810	0.087160	0.132010	0.172100	0.235840	
NaturalMergeSort	0.008830	0.007700	0.012060	0.009310	0.012660	
RecursiveQuickSort	0.182430	0.056320	0.083290	0.114940	0.145180	
MedianOfThreeQuickSort	0.023330	0.044490	0.067360	0.083840	0.112700	
ArraysSort	0.005490	0.004700	0.005430	0.007020	0.008770	
CollectionsSort	0.007540	0.004850	0.005770	0.007900	0.008900	


Decrease
size : 	1000	2000	3000	4000	5000
BubbleSort	2.042750	7.111970	15.943420	28.408110	45.189710	
SelectionSort	2.141410	7.652940	17.130030	30.313190	48.221500	
LinearInsertionSort	2.267290	8.068160	18.181890	32.342310	50.772120	
BinaryInsertionSort	2.020560	7.159710	16.216990	29.960560	46.740600	
ShellSort	0.596110	2.030710	4.564590	8.436110	13.129700	
HeapSort	0.103120	0.184340	0.292690	0.410600	0.530620	
RecursiveMergeSort	0.089790	0.108470	0.173710	0.239610	0.312470	
IterativeMergeSort	0.038810	0.077680	0.121190	0.166570	0.224340	
NaturalMergeSort	0.059260	0.081940	0.128950	0.171220	0.229290	
RecursiveQuickSort	0.031940	0.057160	0.088950	0.122490	0.159260	
MedianOfThreeQuickSort	0.031690	0.056080	0.088010	0.118180	0.151720	
ArraysSort	0.012750	0.020770	0.010390	0.013630	0.016780	
CollectionsSort	0.010320	0.021730	0.010400	0.013840	0.017250	




String
Random
size : 	1000	2000	3000	4000	5000
BubbleSort	5.947500	18.866540	47.697680	77.658050	125.327070	
SelectionSort	6.908910	21.739680	55.501170	91.583100	149.450220	
LinearInsertionSort	2.028240	5.735140	14.019460	24.268860	40.340500	
BinaryInsertionSort	2.198440	6.148610	14.813060	25.296080	42.304560	
ShellSort	0.762230	2.083020	4.640780	7.528140	12.630320	
HeapSort	0.292740	0.416370	0.783000	0.975360	1.355810	
RecursiveMergeSort	0.268950	0.303710	0.518340	0.672940	0.894590	
IterativeMergeSort	0.203090	0.277660	0.464990	0.643270	0.895560	
NaturalMergeSort	0.246170	0.325520	0.535120	0.719440	0.990430	
RecursiveQuickSort	0.234430	0.344850	0.571700	0.747970	0.977910	
MedianOfThreeQuickSort	0.346530	0.328890	0.571900	0.719990	0.988410	
ArraysSort	0.367460	0.332580	0.528670	0.703150	0.924150	
CollectionsSort	0.270500	0.319240	0.509290	0.683780	0.900620	


Increase
size : 	1000	2000	3000	4000	5000
BubbleSort	2.024260	8.474780	19.402020	35.976990	63.922820	
SelectionSort	3.175340	13.273320	30.869250	56.340870	103.330340	
LinearInsertionSort	0.010480	0.022810	0.035540	0.049960	0.120750	
BinaryInsertionSort	0.064650	0.142520	0.226420	0.315650	0.460540	
ShellSort	0.025250	0.053200	0.083500	0.115870	0.174430	
HeapSort	0.151030	0.373450	0.573110	0.825780	1.069690	
RecursiveMergeSort	0.076860	0.169760	0.271590	0.363910	0.524320	
IterativeMergeSort	0.062480	0.140520	0.247440	0.341560	0.543550	
NaturalMergeSort	0.014310	0.022500	0.037130	0.054950	0.077640	
RecursiveQuickSort	0.071590	0.157860	0.242620	0.338220	0.460280	
MedianOfThreeQuickSort	0.069060	0.153950	0.244790	0.323870	0.447500	
ArraysSort	0.010240	0.020670	0.031860	0.045560	0.061800	
CollectionsSort	0.008850	0.019300	0.030270	0.044910	0.061900	


Decrease
size : 	1000	2000	3000	4000	5000
BubbleSort	3.632640	17.156470	38.333750	72.411810	130.167640	
SelectionSort	4.228490	19.552470	41.475520	86.332650	148.682230	
LinearInsertionSort	2.989900	12.786190	27.981090	52.671020	93.932130	
BinaryInsertionSort	3.047070	13.146140	28.345810	52.954540	95.239530	
ShellSort	0.853760	3.615360	7.942930	14.880550	26.638380	
HeapSort	0.148040	0.381330	0.567550	0.782000	1.072520	
RecursiveMergeSort	0.076990	0.175480	0.263620	0.379790	0.519270	
IterativeMergeSort	0.060590	0.142830	0.219050	0.364360	0.507750	
NaturalMergeSort	0.071860	0.160190	0.245730	0.374940	0.551440	
RecursiveQuickSort	0.073510	0.167010	0.247690	0.341700	0.467270	
MedianOfThreeQuickSort	0.085890	0.197020	0.276430	0.387890	0.522720	
ArraysSort	0.072420	0.163650	0.207400	0.286510	0.348160	
CollectionsSort	0.064800	0.151990	0.198360	0.278690	0.333480	




Student
Random
size : 	1000	2000	3000	4000	5000
BubbleSort	8.736920	33.896560	70.976460	131.609450	198.557250	
SelectionSort	9.217840	38.729200	81.394560	163.651560	245.283890	
LinearInsertionSort	3.293110	13.600080	27.720110	57.529460	91.237090	
BinaryInsertionSort	3.514070	14.229930	28.793930	62.055780	93.086880	
ShellSort	1.081590	4.103450	8.240110	16.496810	23.976950	
HeapSort	0.294830	0.742750	1.054640	1.673740	1.991500	
RecursiveMergeSort	0.207530	0.477710	0.713020	1.084700	1.276450	
IterativeMergeSort	0.189200	0.434450	0.689740	1.072200	1.311770	
NaturalMergeSort	0.201800	0.458960	0.729440	1.134570	1.379460	
RecursiveQuickSort	0.262550	0.578810	0.825600	1.322380	1.449650	
MedianOfThreeQuickSort	0.280970	0.631190	1.006040	1.656080	1.942850	
ArraysSort	0.207540	0.461840	0.733500	1.035260	1.219100	
CollectionsSort	0.196330	0.446280	0.707690	1.019120	1.196150	


Increase
size : 	1000	2000	3000	4000	5000
BubbleSort	6.458010	25.896820	58.488320	103.057620	164.068740	
SelectionSort	6.685510	27.688660	66.808710	124.744450	215.580540	
LinearInsertionSort	0.017100	0.039260	0.056010	0.095030	0.161460	
BinaryInsertionSort	0.142280	0.387260	0.719430	1.066740	1.600530	
ShellSort	0.049250	0.093620	0.139720	0.182580	0.248880	
HeapSort	0.279490	0.643250	0.980860	1.298040	1.744170	
RecursiveMergeSort	0.108190	0.251660	0.400030	0.518350	0.700580	
IterativeMergeSort	0.104250	0.251180	0.416520	0.599060	0.832080	
NaturalMergeSort	0.019690	0.034480	0.052690	0.069690	0.083350	
RecursiveQuickSort	0.166730	0.364280	0.571180	0.748830	0.992470	
MedianOfThreeQuickSort	0.227430	0.678820	1.695120	2.295400	3.013370	
ArraysSort	0.017750	0.034040	0.045910	0.059100	0.075920	
CollectionsSort	0.017070	0.033010	0.045610	0.059100	0.077140	


Decrease
size : 	1000	2000	3000	4000	5000
BubbleSort	6.817420	27.685520	61.461550	108.742380	172.875760	
SelectionSort	7.940960	31.841790	72.999830	141.711500	224.181580	
LinearInsertionSort	6.512690	25.490450	60.070010	116.751100	196.029130	
BinaryInsertionSort	6.524030	25.520490	59.698500	117.282930	193.071960	
ShellSort	1.661620	6.479470	15.384880	30.420030	50.754210	
HeapSort	0.266050	0.574720	0.931280	1.308080	1.756770	
RecursiveMergeSort	0.116300	0.252440	0.402260	0.561970	0.757930	
IterativeMergeSort	0.090830	0.197720	0.321160	0.500280	0.686060	
NaturalMergeSort	0.087430	0.171660	0.264780	0.398220	0.517040	
RecursiveQuickSort	0.168550	0.349200	0.553680	0.776210	1.013600	
MedianOfThreeQuickSort	0.276190	0.906650	2.076920	3.492380	6.132070	
ArraysSort	0.100560	0.217790	0.286250	0.366370	0.384530	
CollectionsSort	0.094040	0.192360	0.261940	0.354710	0.339060	


